@@###@@@##@@@###@@@###@#####@@#
@@###@@@##@@@$$$%%%###@$$$$$$$#
##@@$$$$$$###$$$%%%###@$$$$$$$#
##@@$$$$$$###@@@@@@$%%%@@@@%%%#
##$$@@@%%%%%$$$#####%%%##$$%%%#
@@$$@@@%%%%%$$$#####%%%##$$%%%#
@@$$@@@%%%%%$$$#####%%%##$$%%%#
#%%%%%%@@@#####@@@@$$$$##$$%%%#
#%%%%%%@@@#####@@@@$$$$##@@%%%#
#%%%%%%$$$#####@@@@$$$$##@@$$$#
@####@@@%%%@@@$$$%%%%%%%%@@$$$#
@####@@@%%%@@@###%%%%%%%%@@$$$@
@####$$$%%%@@@###@@##$$$$@@$$$@
@####$$$%%%@@@###@@##$$$$@@###@
@$@@@##@%%%###@@$$$##@@@%%%###@
@$@@@##@%%%###@@$$$%%@@@%%%###@
@$@@@##@##@###$##@@##$$$@@@###@
@$@@@$$%%%@###$##@@##$$$@@@###@
@$@@@$$%%%@###$@@$$$$####$$###@
###$$@@##$$@@@$@@$$$$####%%%%%@
###$$@@##$$@@@$##$$$$####%%%%%@
@$$@@##@@##$$#$##@@@@####%%%%%@
@$$@@##@@##$$#$##@@@@$$$$%%%%%@
@$$##@@$$$$@@#$##@@@@$$$$######
%%%##@@$$$$@@#$##@@@@$$$$######
%%%@@##$$$$%%#$##%%%%$$$$@$$$@@
@@#@@##$$$$%%#$##@###$$$$@$$$@@
@@#$$@@####@@%%##@###@@##@#%%%#
@@#$$@@####@@%%$$$@@$@@$$$#%%%#
$$$@@##@@@$$$@@$$$@@$##$$$@@@@#
$$$%%##@@@$$$@@$$$###%%%%%%%%%@
@##%%##@@@###@@%%%###@@@##@@###
@##@@##@@@###$$$@@$$$@@@##@@###
@##@@$$###@@@$$$@@###$##$$$$$$@
@##@@$$###@@@$$$@@###$##$$$$$$#
$##%%%%%&&&&&&##@@###@@@$$$$$$#
$##%%%%%&&&&&&##$$$$$##%%%%@@@#
$@@@@@@##@@@%%%%$$$$$##%%%%@@@#
$@@@@@@##@@@%%%%@@##@@@####@@@#
$###$$$$%%##%%%%$$$$@@@####@@@#
$###$$$$%%##%%%%$$$$@@@####$$$$
$###$$$$%%##@@@@$$$$@@@$$$@@#@@
@###$$$$%%##@@@@####@@@$$$@@#@@
@&&&&&&&&&##@@@@####@@@###@@#@@
####@@@@$$$$$$$%%%%%$$$$$$$%%%%
-------------------------------
2    2  2 2        2  22      5
             2  2      5       
          2                    
                    2  2   5   
  2 5  5    5  5       5       
                               
                               
 5        5    5   5           
                         2     
                           5   
55      5  5     5             
              2               5
     2           2   2         
                           5   
  5        5    2    2  2      
                               
              52     2  2      
       2                       
                 5   5         
       2 2               5     
               5               
 2   2 2   2     5             
                     5         
   2 2 5   2             5     
                               
   2                         2 
                  2            
     2       2       2     2   
                  2            
2      5     2                 
   2                 5         
 5        2          2  2      
   2         2                 
     2 2  2       2     5      
                              2
2       5            2         
                2          5   
 5     2    5                  
                    5  5       
 5  5     2     5              
                           2   
            5          2    2  
                               
 2                             
    2   2      2    2      2   
