5  1  6  7  7    2    2
 66 66 26    1727 7217 
 64 44 42    2  7 2  7 
6  7  7  7   7  7 7  2 
 64 44 45    1721 7277 
 64 44 42   1    7    7
1  7  1  5   7277 2122 
 74 44 47    1  2 1  7 
 27 23 36    2  1 2  2 
7  6  8  4   7122 7717 
            2    7    2
                       
  2     1     4     1  
73 32282 23314 34428 42
 4 6   6 6   6 6   6 8 
 4 6   6 6   6 6   6 2 
 7 6   6 6   6 6   6 4 
21 32515 31342 33221 31
  4     1     4     6  
45 44922 32C44 46533 41
 5 5   5 1   1 6   3 3 
 4 9   9 C   C 5   5 1 
 3 3   3 1   1 4   1 5 
44 43934 91C19 415A2 21
  6     2     4     5  
                       
4    1    3            
 4443 4343   4  4  4  4
 4  1 3  4    19 15 5A 
 1  4 3  3    36 66 5A 
 3414 4343   4  4  4  4
3    3    4   32 23 36 
 4334 4413    51 25 56 
 3  3 3  4   4  4  4  4
 3  3 1  1    21 35 66 
 4331 3144    88 12 22 
1    4    4  4  4  4  4
