 48   88   42  32 2 21 
1  1 8       4 5     5 
4  8   88234   3 BBB 1 
 34   8      3   B B   
     4  382  5 1 BBB 5 
 5  4  3     2 2     6 
4  4  8  883 3 44 1 34 
  1  3  1              
  5 3  8               
2 1 5 2  77826244253422
6 2 2 3 7              
  6   7 5 1 2 2 1 1 4 1
        5              
  61 5  3 1 6 2 1 1 5 3
 3      2              
2  5     24243153542453
3 4 6  1               
4  3  4 2  3     6 53  
 5     5  6 1  5     4 
  56 3     2  4 3  3  5
               2  6 5 3
42432432382633     2  6
              4      3 
1 1 1 1 1 1 1 5  4 25  
              4        
1 1 1 1 1 1 1 1 5   1  
              2 4 5 2 6
13256416565344  4 3 2 1
               5  1 4  
              5  1  4  
 36 4 24 3 234  1  3  4
 4     1 1     5  3  4 
 1 151 2 3  323  2     
   5 5   4      4   43 
 1 151 4   21444   2  3
 2     3 5       1 5  2
 63 5 54  32   12   43 
