 567     78 18     347 
 6    64   8   21    3 
       8   5   7       
   71  1   1   7  17   
5  56             23  5
4         3 5         5
52    6   5 4   3    63
    676 721 274 267    
 2                   6 
5 5     121 124     1 3
 1  516   7 7   291  6 
   1   7  3 2  2   1   
5  2   3       9   9  1
4  4   2 36 29 4   1  9
4   479         949   3
 4       9 1 5       7 
 4       3 2 9       5 
4 7 1 9         7 7 1 1
4 9  9  35   97  8  8 5
7 1 1 9         3 3 3 1
 9       2 5 7       5 
 6       1 1 8       8 
7   767         345   5
9  1   6 31 87 5   3  3
1  2   8       7   2  7
   9   7  8 4  5   6   
 9  978   4 8   144  2 
9 3     742 257     1 2
 1                   6 
    973 338 875 542    
93    8   3 7   2    37
3         8 4         4
4  92             17  1
   27  1   1   7  42   
       7   4   4       
 4    71   1   75    5 
 587     24 14     275 
