 553   324   435   544 
                       
 123372562 3 366343544 
 2       5 5 5       1 
 3       4 4 2  3 3  4 
 1  777  3   3 3   3 3 
 2  4 5  5   4       4 
 1  475  4   3 3   3 3 
 6       5 5 5  3 3  4 
 4       4 6 5       4 
 463743535 6 516343225 
                       
 446   343   232   264 
                       
5447 7 147271542 6 4231
   7 2 3       5 4 1   
 2 3 3 1 4 1 4 3 2 2 8 
   1   5       1   1   
 4 4   1 1   1 2   3 1 
   5   5       6   3   
 6 5 6 6 4 1 4 3 4 4 3 
   1 6 6       6 1 2   
4355 3 235354351 4 1265
                       
 459   315   533   342 
                       
 154141453 3 441423412 
 4       8 5 7       1 
 2  2 4  8 3 3       3 
 4 4   4 2   2  775  1 
 1       4   1  2 4  5 
 4 4   6 3   4  771  5 
 6  4 3  6 5 8       6 
 6       2 5 8       6 
 588318388 8 842146452 
                       
 423   888   121   642 
