5     3 43 2 26 7     3
   52 2    3    6 17   
 5326             7343 
 46      4 4 4      26 
      41 1 2 2 62      
5  4               3  1
2 1 6             4 5 5
   6  5 364 139 9  9   
32   5           1   65
    5             6    
 5    5    3    9    6 
 3 61 2 24 4 34 3 81 8 
   36   32   43   28   
                       
 4626             8318 
3    7 7372 5931 3    5
                       
 7426 7         3 8328 
 4  2 9 827 723 7 3  8 
 4454 4         8 8325 
                       
7    4 6727 5478 1    2
 7452             8652 
                       
   42   72   12   85   
 1 18 9 81 2 86 6 21 1 
 7    6    8    6    5 
    8             3    
16   9           3   27
   3  1 859 428 6  2   
4 4 6             2 2 6
4  3               2  4
      91 9 2 2 56      
 43      1 9 6      12 
 1592             3726 
   49 2    9    5 46   
5     4 35 2 25 3     4
