634   4   213   5   564
   3  3         4  1   
   6  1 42   35 5  5   
   2    63   64    4   
3  4    57   29    6  4
4  6               5  5
4   161   129   269   1
                       
7   172   927   369   2
9  7               3  3
3  9    57   12    5  5
   1    54   46    6   
   4  1 13   21 6  7   
   5  5         2  6   
123   4   566   7   635
                       
1 35 21  8 6 3  45 21 6
3 3   2  8 8 8  8   2 8
    3    1   3    4    
4 1   2  7 3 2  1   2 4
2 28 35  5 1 6  24 41 1
                       
458   5   565   6   765
   8  8         8  7   
   5  7 42   25 7  3   
   8    36   63    3   
4  7    72   17    4  5
3  3               2  2
6   466   263   241   5
                       
4   482   378   372   4
3  3               4  4
4  1    83   16    2  5
   2    44   68    8   
   4  8 86   23 3  4   
   1  4         2  5   
328   8   812   1   353
