 435 1    44   235 5  3
4    2   5  2 3    2 4 
3    3   2  5 6    45  
6    5   2  6 4    5 5 
 164 645  31   136 4  3
                       
636     432 246     454
6    212       631    5
3   3     662     3   3
26  3 6B2 3 C AAA 4  45
    6 B B 4C5 A A 2    
 165  5B4     AAA  253 
3         C 5         2
2 555 5 CC5 532 C 515 4
1 B B  C       1  5 5 5
  3A1 C C  C  5 2 525  
      B   B 1   6      
 999 AA  A   2  41 666 
 9 9    9     3    3 3 
 999 91  8   4  35 666 
      4   7 5   1      
  781 4 8  6  2 5 546  
2 1 9  4       3  4 5 2
7 788 2 541 372 1 352 1
3         7 6         5
 312  474     654  525 
    3 7 7 564 5 5 5    
42  4 474 5 3 254 1  53
3   5     666     3   4
4    343       634    6
362     215 561     366
                       
3  5 246   52  534 452 
 3 4    3 5  2   2    3
  32    5 3  5   5    4
 2 3    4 4  2   4    1
5  2 242   25    3 243 
