9  3    3  3  6    8 82
                       
  9366  33   4345  55  
2 1253  84 4 3733  88 8
        46         45  
     51 56      32 21  
  91 23      66 64    8
  45         52        
4 52  6555 3 55  5432 6
  34  6633   36  1652  
                       
3  4    3  5  5    5  2
                       
234   9262665 667   565
6 3   4     6 3 1   5  
6 3 4 2646221 3 5 5 362
6 3           6 1      
1 4   624     8 8   123
6 5 4 2 4  P  8 8 2 3 3
665   4 3     442   8 2
      6 6           8 2
442 2 3 6 1551463 3 3 3
  5   4 3 4     6   8 8
635   443 2425254   888
                       
6  3    3  3  5    3  8
                       
  1654  43   3134  63  
6 4642  25 7 6652  98 4
        77         93  
7    44 44      25 44  
  63 37      27 52     
  77         24        
3 34  4644 4 31  2542 4
  98  8637   74  9234  
                       
66 9    9  6  3    4  1
